image_width: 640
image_height: 480
camera_name: narrow_stereo/left
camera_matrix:
  rows: 3
  cols: 3
  data: [638.004  ,   0.     , 304.93444,
           0.     , 764.4022 , 228.15269,
           0.     ,   0.     ,   1.     ]
distortion_model: plumb_bob
distortion_coefficients:
  rows: 1
  cols: 5
  data: [0.005964, -0.038394, 0.000143, 0.000263, 0.000000]
rectification_matrix:
  rows: 3
  cols: 3
  data: [ 0.99983731, -0.00378402,  0.01763646,
          0.00379977,  0.99999241, -0.00085958,
         -0.01763307,  0.00092646,  0.9998441 ]
projection_matrix:
  rows: 3
  cols: 4
  data: [773.77674,   0.     , 291.03063,   0.     ,
           0.     , 773.77674, 228.68932,   0.     ,
           0.     ,   0.     ,   1.     ,   0.     ]
