# oST version 5.0 parameters


[image]

width
1264

height
800

[narrow_stereo/left]

camera matrix
1248.769860 0.000000 587.436645
0.000000 1267.456373 389.954538
0.000000 0.000000 1.000000

distortion
-0.018194 0.003192 0.001016 -0.002499 0.000000

rectification
0.999918 -0.003564 -0.012324
0.003534 0.999991 -0.002460
0.012333 0.002416 0.999921

projection
1294.056095 0.000000 614.042740 0.000000
0.000000 1294.056095 393.078140 0.000000
0.000000 0.000000 1.000000 0.000000
# oST version 5.0 parameters


[image]

width
1264

height
800

[narrow_stereo/right]

camera matrix
1247.248160 0.000000 594.003134
0.000000 1267.487392 395.628929
0.000000 0.000000 1.000000

distortion
-0.015806 0.071955 0.000157 -0.004588 0.000000

rectification
0.999738 -0.004233 -0.022501
0.004287 0.999988 0.002390
0.022490 -0.002486 0.999744

projection
1294.056095 0.000000 614.042740 -165.621449
0.000000 1294.056095 393.078140 0.000000
0.000000 0.000000 1.000000 0.000000
